136732.549 337481.605 0.405
12574.269 196771.387 0.064
21921.791 199904.051 0.110
9236.697 76546.831 0.121
379286.840 855778.477 0.443
212660.238 600869.611 0.354
122735.360 214102.547 0.573
58951.289 117816.619 0.500
513847.930 1929945.580 0.266
413599.895 714730.970 0.579
177082.704 938030.104 0.189
184386.326 364011.779 0.507
79680.245 264134.572 0.302
36273.494 257276.360 0.141
29375.551 320139.930 0.092
7610.377 93544.746 0.081
180442.172 524139.172 0.344
199028.281 661897.100 0.301
105440.783 676762.894 0.156
58784.728 194517.940 0.302
155828.233 456727.457 0.341
3652.650 40330.717 0.091
14285.882 210439.280 0.068
56130.532 113123.690 0.496
724300.126 1552053.991 0.467
61551.986 408048.632 0.151
163516.926 606419.918 0.270
31261.550 259599.368 0.120
34971.830 227564.992 0.154
69537.938 143210.363 0.486
165576.993 305236.929 0.542
19799.460 131301.712 0.151
175411.925 476148.676 0.368
122061.233 242615.204 0.503
241494.910 343620.752 0.703
28457.118 311680.202 0.091
39318.454 96294.825 0.408
16357.665 40736.758 0.402
397129.551 818836.019 0.485
55522.965 151070.736 0.368
176545.930 774821.005 0.228
92394.141 199736.619 0.463
56409.596 591457.870 0.095
62291.508 287430.167 0.217
301479.392 701782.951 0.430
60055.235 294825.453 0.204
19468.749 187146.919 0.104
3558.941 133393.390 0.027
361773.919 421681.744 0.858
233422.059 441851.956 0.528
14557.766 104299.981 0.140
58527.289 80223.039 0.730
112864.609 304396.537 0.371
127337.016 214909.776 0.593
367151.126 863540.979 0.425
74568.473 266475.374 0.280
48478.834 130025.352 0.373
42587.959 123582.888 0.345
115512.980 549293.498 0.210
108676.553 373259.324 0.291
29079.305 503660.790 0.058
17161.260 119341.295 0.144
118197.788 2165104.834 0.055
170583.160 433875.109 0.393
38761.956 612326.926 0.063
135016.156 465210.641 0.290
69510.517 142991.975 0.486
49563.363 83111.431 0.596
230363.668 548144.935 0.420
155870.792 498529.466 0.313
241459.080 369139.058 0.654
157640.969 304678.825 0.517
363607.130 699498.768 0.520
36324.905 238820.904 0.152
225800.393 1138522.995 0.198
315879.163 619223.153 0.510
77067.413 337389.397 0.228
66469.304 156907.374 0.424
79126.522 281096.897 0.281
29167.752 154047.292 0.189
18399.802 131631.722 0.140
6360.438 97627.804 0.065
29355.303 395670.850 0.074
169509.889 430972.967 0.393
119629.538 874503.280 0.137
330601.180 725854.231 0.455
133621.825 414212.853 0.323
1396.159 75873.062 0.018
17150.709 47035.248 0.365
2201.281 22650.136 0.097
16514.311 205125.156 0.081
28066.114 278099.311 0.101
383589.898 648560.834 0.591
134489.703 229426.957 0.586
11815.118 104029.826 0.114
9903.222 79990.900 0.124
207202.815 597322.009 0.347
52172.894 250300.057 0.208
57632.907 71989.788 0.801
10514.714 38296.468 0.275
91734.563 313115.096 0.293
49204.519 519846.622 0.095
20354.863 176283.299 0.115
128179.723 630047.141 0.203
274009.925 650812.664 0.421
36371.691 240669.927 0.151
105320.207 601229.548 0.175
230471.810 414377.858 0.556
82508.508 174550.749 0.473
78060.447 124343.204 0.628
198802.537 484181.333 0.411
73718.854 228613.258 0.322
9363.561 266930.755 0.035
108831.422 388940.436 0.280
206793.154 519883.021 0.398
15230.678 196335.419 0.078
153878.006 522785.163 0.294
18650.154 198490.186 0.094
270004.439 856392.392 0.315
90367.365 207725.599 0.435
29992.761 279615.899 0.107
144967.107 275075.842 0.527
81082.793 334729.908 0.242
63018.538 259981.144 0.242
122407.831 428759.962 0.285
105690.597 198001.643 0.534
139694.308 553318.319 0.252
221019.041 498002.907 0.444
212073.146 350249.251 0.605
49801.106 509205.434 0.098
43355.795 249911.810 0.173
96256.704 391412.272 0.246
14519.282 152881.744 0.095
89274.586 347089.087 0.257
28378.828 152055.912 0.187
11446.593 73842.856 0.155
20026.578 244805.561 0.082
159601.254 341885.776 0.467
85212.100 375771.602 0.227
77450.795 388387.185 0.199
27431.316 159660.689 0.172
99889.123 473096.897 0.211
4881.266 97275.147 0.050
32088.336 200886.799 0.160
99992.951 305507.084 0.327
85616.359 267117.599 0.321
102315.365 201275.046 0.508
228268.582 523805.118 0.436
131082.940 199540.070 0.657
88158.125 207766.041 0.424
14190.034 191200.859 0.074
12859.508 244301.649 0.053
98613.098 269185.820 0.366
7577.835 158220.942 0.048
14764.605 85164.284 0.173
195300.714 388706.679 0.502
67533.739 258420.878 0.261
147543.750 433181.927 0.341
197080.500 622363.096 0.317
82570.347 344427.981 0.240
13872.040 32101.510 0.432
8208.699 179655.381 0.046
33091.289 272176.935 0.122
3590.909 97995.829 0.037
76095.557 468530.957 0.162
29849.808 209990.370 0.142
13049.574 220570.894 0.059
36507.509 316446.736 0.115
206936.881 435979.728 0.475
73758.227 170633.504 0.432
134106.229 451997.321 0.297
83689.346 190428.411 0.439
251360.834 503880.796 0.499
32734.234 167703.861 0.195
39686.843 228205.599 0.174
102356.664 276932.145 0.370
35264.627 144691.362 0.244
241987.914 698111.596 0.347
168036.043 950501.712 0.177
12196.349 139481.580 0.087
46910.210 198819.387 0.236
104870.802 247243.425 0.424
20074.629 135244.840 0.148
26030.071 223802.237 0.116
50565.827 204798.382 0.247
96127.072 178357.991 0.539
154127.074 418538.566 0.368
152356.374 411515.349 0.370
97325.795 245581.245 0.396
219583.230 422648.316 0.520
16119.832 348026.540 0.046
115662.055 519561.100 0.223
71996.147 134940.714 0.534
320022.032 802896.076 0.399
96168.774 288302.913 0.334
12551.121 295064.872 0.043
20159.980 302524.057 0.067
